|   pre_mcq |   post_mcq |   kg_mcq |   pre_essay |   post_essay |   kg_essay |
|----------:|-----------:|---------:|------------:|-------------:|-----------:|
|      1    |       0.44 |    -0.6  |        0.43 |         0.16 |      -0.13 |
|      0.44 |       1    |     0.46 |        0.26 |         0.32 |       0.13 |
|     -0.6  |       0.46 |     1    |       -0.19 |         0.12 |       0.24 |
|      0.43 |       0.26 |    -0.19 |        1    |         0.22 |      -0.44 |
|      0.16 |       0.32 |     0.12 |        0.22 |         1    |       0.78 |
|     -0.13 |       0.13 |     0.24 |       -0.44 |         0.78 |       1    |